107020
308076
482231
636915
852954
977562
1133043
1248785
1453191
1576330
1795933
1922472
2101341
2291836
2441203
2646417
2830839
3043077
3202122
3364032
3540950
3718827
3868992
3979007
4081174
4220316
4375447
4476287
4623364
4832568
4999053
5224314
5338556
5515447
5686402
5885643
6033859
6211522
6370444
6540440
6732471
6892838
7034936
7188990
7361771
7543149
7689730
7795857
7991290
8141167
8322580
8482586
8670327
8841473
8991182
9147942
9291137
9468306
9596792
9728174
9936496
10124494
10322395
10474674
10663010
10851122
10998747
11167704
11375595
11484852
11659297
11822099
11989680
12204393
12317879
12427326
12586252
12734496
12919466
13098175
13330338
13484283
13693346
13882398
14120201
14294548
14499722
14716850
14851945
14988322
15201334
15368255
15480354
15660314
15847665
16013961
16170846
16377535
16540716
16693248
16919989
17077590
17244437
17398626
17562072
17697336
17865538
18053456
18194470
18368121
18540100
18670835
18776648
18923904
19142984
19300509
19475679
19622838
19789514
19927671
20021539
20133152
20297761
20520193
20693618
20846573
21036318
21158856
21366782
21571375
21684155
21857293
22024812
22126961
22260660
22399309
22578550
22710105
22952482
23111158
23266684
23410233
23589142
23750642
23968051
24151755
24274774
24478060
24653644
24833983
24980445
25173312
25372667
25603159
25735560
25884612
26100394
26273558
26402484
26540873
26709909
26863697
27050209
27205844
27297129
27478237
27649105
27792555
27974364
28158108
28331937
28483332
28689508
28862778
29041532
29216926
29365700
29551796
29711905
29881176
30033827
30136316
30294805
30424805
30564676
30726559
30893756
31084886
31213084
31356006
31481344
31615954
31811438
31968756
32084454
32207645
32397804
32538974
32683832
32879690
33050462
33191384
33417757
33615185
33748020
33896781
34106819
34249149
34386239
34561798
34738167
34898744
35049777
35250748
35369153
35558962
35686992
35851460
36007441
36174479
36367386
36495789
36631377
36827190
36974810
37129188
37285147
37449661
37679953
37867723
37986488
38178548
38324291
38471382
38676442
38840741
38976563
39063613
39211062
39374362
39564529
39737739
39886623
40005065
40154937
40328260
40532262
40686059
40865887
40969608
41151940
41374764
41509862
41672878
41821937
41966397
42147108
42329582
42532039
42736501
42910934
43044068
43199767
43391859
43563733
43713372
43890463
44104902
44258215
44427213
44587803
44730497
44849699
45017100
45104613
45252577
45380884
45589483
45822105
45986023
46100684
46306246
46505011
46649096
46787802
46969668
47124788
47288249
47410585
47558624
47708990
47876895
47993302
48110470
48232622
48390302
48540779
48767809
48911942
49061773
49218026
49400282
49557197
49705927
49900081
50046568
50245284
50370132
50501135
50603774
50821996
50954745
51132645
51337040
51462061
51604469
51762757
51882818
52058735
52232324
52425622
52546966
52703960
52847504
53030308
53211780
53424081
53540170
53719642
53882462
54055844
54221518
54369871
54579251
54754203
54905536
55033447
55197796
55395237
55549423
55719295
55862099
56036845
56239085
56362489
56557550
56700541
56867772
57016182
57125489
57293547
57454691
57643102
57815767
57998814
58186129
58391438
58529704
58658508
58818627
59011569
59243647
59444614
59606872
59805733
59942062
60064222
60250178
60473376
60682723
60874570
61051792
61243065
61400766
61582455
61769120
61932900
62107011
62312194
62480187
62674886
62825127
62978816
63124020
63223121
63431548
63588010
63746558
63958762
64118989
64283129
64436321
64626820
64812408
64975425
65179136
65326787
65470745
65638881
65828631
65988772
66160295
66352083
66520060
66661640
66801420
66988885
67151321
67302511
67473362
67606402
67766074
67919485
68097459
68219644
68364475
68576180
68744016
68913028
69091740
69257982
69415861
69567896
69723239
69894999
70095119
70287386
70444940
70639980
70823739
71011306
71209478
71319868
71457406
71631760
71797761
71961529
72141318
72281807
72487780
72589413
72771240
72879692
73036936
73179886
73340261
73468717
73615054
73706717
73860645
73976512
74083650
74277668
74417724
74573317
74734382
74870724
75028250
75187559
75308239
75521910
75630830
75817045
75998189
76211011
76372287
76521690
76699767
76838437
76944776
77163329
77294875
77424285
77595103
77744567
77887483
78070890
78234510
78396392
78565182
78754329
78925768
79080106
79243705
79370915
79519272
79724427
79889284
80071449
80240490
80371834
80496284
80638002
80803838
80973678
81115031
81229828
81362616
81489403
81667623
81844112
82018135
82191600
82338245
82457699
82624830
82833417
82965083
83128895
83284476
83463541
83629272
83764406
83923978
84103573
84278228
84436176
84595023
84762234
84956213
85166752
85316043
85426080
85593538
85773038
85947965
86059398
86239189
86423765
86628027
86777158
87015910
87173974
87352653
87535671
87699513
87852809
88020123
88160155
88298622
88501180
88703617
88840234
89029225
89245189
89433787
89618892
89782372
89933050
90080640
90316580
90461210
90616758
90793493
90988847
91204373
91371265
91524474
91705069
91905907
92040955
92241168
92434689
92571771
92732599
92943659
93073751
93267770
93449174
93584313
93841069
94052135
94208042
94349028
94536784
94728900
94922582
95087531
95219110
95372345
95571567
95727749
95940051
96049652
96197528
96396296
96555879
96757589
96930728
97048444
97202152
97311038
97481673
97656202
97827718
98035390
98199314
98364623
98491566
98674090
98828331
98961023
99144617
99279677
99454701
99590407
99748422
99909825
100100611
100259507
100403063
100570154
100738187
100866112
101058282
101207213
101394353
101557133
101659826
101817197
101986387
102104623
102272228
102440988
102576289
102822924
102981425
103143818
103323067
103520782
103675534
103815763
103969105
104092847
104260815
104448387
104564552
104751790
104919631
105068328
105267025
105442197
105591171
105786617
105970318
106140273
106313382
106472190
106646844
106761315
106918734
107098139
107289659
107428681
107656729
107843272
108011200
108219472
108383808
108522910
108676089
108845742
108942147
109052938
109214877
109385254
109580410
109701838
109865104
110063025
110204101
110377167
110553239
110706224
110847528
111010695
111154135
111314161
111434079
111633344
111808910
112006748
112233867
112434732
112613035
112777367
112921556
113119246
113297266
113476131
113642235
113852356
114048267
114187373
114349829
114487681
114716481
114887310
114973913
115154905
115294721
115495876
115661276
115816555
115996426
116159027
116305813
116464770
116638615
116843895
117037906
117204403
117361131
117524798
117674422
117829236
117962494
118108149
118259309
118398661
118539277
118653277
118794178
118979803
119135325
119299386
119502406
119734696
119875246
120029659
120250462
120435081
120599295
120764118
120961538
121108713
121244698
121420688
121579582
121752795
121957691
122108394
122239201
122425267
122575791
122764512
122887711
123025850
123184246
123349799
123440683
123618745
123813342
123979208
124110552
124281253
124456231
124594892
124761403
124969789
125112355
125328334
125550920
125730980
125889233
126109861
126238070
126405901
126572805
126672386
126843486
126974289
127140871
127277077
127499864
127686804
127843370
128030999
128278815
128428254
128620151
128795661
128928623
129081284
129232448
129391427
129571487
129743620
129878738
130065163
130263119
130438433
130656510
130811973
130954744
131104266
131279062
131418902
131562654
131733432
131866419
131968376
132145246
132298444
132451167
132589014
132794391
132957998
133099705
133273024
133437712
133559478
133764178
133891193
134076042
134272957
134454918
134634908
134800741
134931911
135110819
135312314
135459780
135636508
135790217
135956230
136086706
136227452
136428623
136581097
136748981
136891302
137080794
137235872
137372788
137505281
137696890
137894121
138035800
138211904
138350230
138508945
138712106
138864124
138999108
139134504
139255733
139470938
139569128
139753614
139917668
140136103
140356063
140499619
140692451
140850424
141012494
141158367
141296580
141465293
141657235
141818095
141975313
142175152
142371926
142570076
142745851
142936012
143083699
143308580
143403376
143589534
143735577
143925093
144060615
144266635
144384167
144536310
144713553
144891004
145028042
145188862
145373441
145552011
145691110
145827236
145978634
146141326
146302180
146492067
146643329
146793423
146927853
147126267
147227397
147393188
147539446
147709815
147865669
147985662
148165982
148362847
148490683
148646178
148777883
148925462
149052739
149204026
149327315
149456056
149683635
149868282
150043519
150206395
150345355
150527549
150705156
150811272
150979463
151082925
151281757
151445291
151600196
151732825
151879864
152080100
152265700
152423256
152550926
152725701
152894626
153036390
153223107
153345121
153550717
153793170
153986400
154163303
154310620
154460878
154584078
154731830
154878752
155052693
155207752
155419530
155522121
155659915
155843459
156020507
156212127
156432669
156593599
156755252
156922439
157119271
157270830
157503329
157641193
157802631
157967833
158151175
158326866
158507209
158669616
158842613
159037183
159183800
159350198
159509540
159674084
159842836
159996577
160190009
160393188
160573981
160756601
160921405
161072267
161255488
161457077
161667372
161870250
162034614
162196066
162409630
162517484
162645790
162846650
163044195
163188099
163319070
163503812
163671841
163874235
164034822
164203261
164365303
164555938
164713329
164895222
165068583
165216434
165389027
165574886
165759389
165932119
166140010
166307432
166448812
166578600
166772788
166950893
167083663
167234037
167441988
167592851
167744815
167903610
168075009
168258966
168486050
168679147
168862682
169040397
169239510
169416479
169554917
169689717
169853235
170044593
170215563
170356588
170522939
170687380
170847756
171038254
171241770
171368644
171561025
171678296
171775383
171988453
172100398
172225399
172358928
172538063
172703635
172848799
173018812
173160258
173271969
173425691
173583606
173760119
173934475
174070020
174220278
174345935
174515765
174703847
174824562
175018865
175135180
175309671
175460917
175611353
175807582
175978952
176180923
176317831
176454790
176625837
176777187
176991136
177131018
177217958
177455748
177595021
177708666
177869016
178034959
178239891
178433489
178563736
178783791
178932858
179088138
179268864
179458906
179631910
179844302
179971498
180145038
180342077
180559371
180677429
180818395
181024205
181237410
181402364
181599249
181807839
181983220
182188710
182317392
182426910
182580621
182721994
182897848
183106427
183300552
183447445
183583749
183787204
183957092
184123486
184275483
184441153
184553760
184694606
184853961
185035364
185226355
185436161
185570380
185734749
185941012
186108965
186257411
186425795
186602925
186712353
186884869
187035943
187182438
187345306
187526582
187665591
187825808
187962163
188098944
188270574
188459086
188645405
188788576
188943647
189130275
189314233
189497996
189648156
189811872
189983036
190144279
190321382
190482946
190652236
190762124
190954289
191130310
191323033
191509640
191647765
191832664
192037772
192183656
192284844
192436140
192650972
192817380
192998582
193131998
193314096
193492647
193698865
193839320
194035653
194185976
194296564
194489831
194660099
194812248
194969701
195133539
195265574
195400475
195586812
195799625
195997398
196139542
196351998
196538599
196730579
196835120
197050122
197186924
197314954
197514511
197710278
197902745
198108092
198311600
198459253
198604879
198698777
198861318
199056537
199248446
199441377
199562911
199683738
199790203
199935621
200091718
200268636
200400679
200546635
200730007
200899818
201005581
201165285
201339570
201496846
201696573
201861916
202006469
202177774
202340274
202517090
202671034
202816694
202991088
203133312
203348697
203495217
203698851
203844654
204024157
204143981
204301122
204460467
204644892
204783190
204953771
205116043
205279526
205411929
205630406
205801985
205982306
206136072
206327331
206476240
206625844
206781109
206958238
207168967
207357464
207464464
207626745
207818084
207975230
208095693
208260996
208425339
208582967
208705093
208888243
209074119
209263236
209421057
209566397
209776277
209947973
210161789
210365772
210508396
210650574
210827693
210974993
211208094
211305810
211470254
211635048
211795955
211938430
212076884
212190189
212321338
212472334
212692696
212860205
213035515
213196159
213354868
213489978
213671180
213853606
214036230
214258259
214385976
214537043
214696366
214896516
215093211
215304172
215440230
215596340
215768443
215894031
215997867
216164826
216322928
216492593
216655135
216770203
216928652
217123145
217293092
217459683
217648043
217824095
217976697
218153470
218384215
218532918
218668001
218852812
219020660
219233259
219374528
219603281
219783120
219906450
220110266
220278877
220447436
220582364
220767574
220907812
221080315
221227441
221424285
221556971
221658820
221863120
222004659
222102677
222272498
222455920
222604929
222772568
222957941
223070694
223205458
223328587
223493338
223664446
223818095
224004116
224168972
224372699
224478918
224656258
224813794
225010457
225184637
225311780
225486020
225655535
225805482
225976833
226140752
226282639
226466010
226660637
226814704
226988289
227115962
227285544
227377787
227528642
227700152
227909402
228063971
228169072
228272045
228408287
228553160
228699743
228854372
229061336
229241365
229451065
229603929
229711267
229882289
230016425
230199102
230351260
230482691
230597352
230776741
230942853
231109300
231285357
231436453
231611695
231721268
231901833
232016247
232139798
232323177
232461575
232663827
232884215
233045317
233244104
233401303
233550471
233692535
233850220
234026778
234113266
234236141
234389474
234516694
234673298
234872721
235063063
235273546
235429780
235649757
235813268
236006547
236211586
236379003
236498201
236685904
236845048
236968680
237133118
237293890
237473588
237584654
237739537
237912805
238075585
238280174
238424771
238560035
238654996
238815025
238970931
239130583
239285541
239385049
239539101
239676551
239811867
239935445
240031031
240204280
240321762
240449956
240631502
240841169
240947670
241101826
241204849
241356344
241488976
241676645
241839349
242001263
242198620
242364362
242540734
242721161
242883152
243036721
243156020
243293158
243396446
243533394
243691659
243866872
244019794
244170293
244370500
244563912
244745239
244897238
245100000
245250465
245362783
245497012
245662315
245843375
245990989
246137747
246331458
246494377
246641930
246869499
247049604
247259223
247426144
247605220
247751381
247907146
248054126
248192864
248328688
248493175
248665913
248807980
248924234
249087698
249269067
249487193
249701806
249842919
250046039
250211556
250322656
250445971
250564828
250687837
250897469
251088517
251235262
251400583
251530335
251708918
251899121
252068343
252224182
252423232
252600333
252812466
252951085
253080699
253258485
253483724
253625285
253713183
253949552
254095881
254273846
254469540
254614227
254793345
254946201
255067692
255176863
255287360
255526395
255664911
255845654
255988955
256168962
256328333
256512746
256677149
256818315
257038948
257253069
257420960
257646673
257803123
257955879
258183542
258346118
258543965
258694560
258877880
259060085
259264035
259425736
259611953
259775770
259987906
260164537
260336898
260504026
260681188
260882367
261077822
261263622
261473643
261618660
261796994
261902732
262072350
262216863
262380966
262544024
262691395
262864240
263046473
263211560
263385155
263534976
263723392
263884722
264013379
264171585
264348017
264520399
264707025
264883726
265083630
265207234
265327474
265509063
265681953
265829429
266016344
266174594
266311976
266452424
266607599
266761231
266939812
267119788
267228546
267401644
267586159
267782226
267959776
268110757
268248895
268424198
268504314
268695784
268851234
268994949
269143935
269306285
269412171
269569958
269738623
269920282
270111388
270251271
270406420
270568668
270724417
270904973
271032809
271216579
271361366
271522333
271706873
271858803
272051605
272254266
272445719
272599793
272779995
272955288
273124760
273325130
273483223
273646023
273810421
273914677
274071730
274255824
274381156
274538681
274641058
274792409
274944135
275086530
275250062
275446972
275605747
275759810
275954091
276110508
276251364
276372053
276536096
276710359
276891347
277107678
277279141
277482243
277655844
277823793
277962280
278129199
278307250
278483492
278684259
278849334
278974335
279147832
279303808
279464039
279650376
279821367
279954112
280054571
280257583
280413390
280567051
280780455
280917338
281077060
281209511
281371227
281541517
281713913
281888195
282060987
282219468
282413338
282576670
282754512
282958841
283123007
283333547
283505127
283665021
283828228
283954731
284108830
284293602
284486584
284601558
284780816
284946541
285111020
285307634
285522289
285649868
285804824
285970031
286110887
286304420
286420799
286562711
286681977
286842438
287024272
287211683
287360676
287557177
287718145
287869789
288058753
288229362
288387059
288541374
288698526
288868439
289016007
289172111
289372255
289512830
289698713
289859347
289978286
290104886
290237367
290432653
290579068
290735536
290873962
291043075
291203203
291406621
291597181
291794881
291943373
292097364
292253156
292370183
292498271
292643433
292837470
292989864
293124571
293313364
293476887
293663402
293820440
293952392
294199096
294414552
294591425
294773916
294949275
295073914
295291396
295489002
295656803
295817957
295956000
296149034
296319382
296521242
296678415
296785173
296973517
297150071
297355050
297548558
297747910
297919555
298087617
298269872
298475527
298591575
298767028
298945650
299109497
299240124
299444772
299578457
299697691
299862605
299984394
300190080
300341897
300541012
300729815
300909513
301076141
301301042
301503508
301676920
301827933
301996790
302178571
302382800
302527987
302679802
302793042
302918067
303106295
303272854
303403140
303593800
303800502
303990183
304199624
304325009
304498659
304636477
304806030
304937754
305082437
305242178
305380113
305518212
305722173
305937921
306077964
306246716
306402946
306592483
306715726
306847754
306926762
307131646
307284322
307458229
307620314
307784376
307908145
308063151
308257893
308437102
308608152
308792483
308935003
309127684
309262603
309408028
309583165
309713047
309896507
310077484
310222995
310348818
310513329
310650370
310808717
310945999
311091562
311253898
311384996
311537978
311713413
311882266
312064570
312214387
312366803
312519430
312662850
312818414
312945029
313074496
313234635
313357830
313509562
313686780
313841844
313982893
314127924
314319184
314535235
314662149
314810857
314950608
315091399
315211520
315417770
315580985
315717437
315906053
316021954
316212737
316331236
316478855
316654225
316808704
317006054
317177260
317342513
317521425
317711607
317878506
318021399
318177969
318334710
318541741
318704821
318888093
319045000
319161324
319332111
319481972
319662272
319778516
319942758
320104020
320253614
320420443
320622796
320767352
320896024
321064689
321190106
321343464
321521930
321662228
321863736
322019842
322142579
322317041
322492490
322619946
322793937
322967044
323128008
323275871
323467203
323680446
323845225
323996136
324155068
324289569
324432765
324603118
324784277
324935010
325100172
325269521
325460518
325652350
325809907
325982750
326140927
326312173
326462351
326608285
326749938
326946106
327147349
327322746
327443640
327574163
327708650
327876507
328006805
